oval_waypoints_latlon = [
    42.293187847876155, -71.26428780494085;
    42.29322802507352, -71.2643380963595;
    42.29328060260171, -71.26437162397193;
    42.293341116306244, -71.2643796705989;
    42.293401133942396, -71.26436156568788;
    42.293464127595, -71.26433139083669;
    42.29352265707402, -71.26429115770176;
    42.293577714418575, -71.26424086628205;
    42.29362681957457, -71.26418118713191;
    42.293671460592236, -71.26411547301156;
    42.29370766939691, -71.26404104171058;
    42.29373891807249, -71.2639625870975;
    42.29376223056638, -71.26387809751415;
    42.29377711087715, -71.26379226682633;
    42.293775622846226, -71.26369168398904;
    42.29374338216772, -71.26360250053996;
    42.293701717266444, -71.26354215083757;
    42.293652116156096, -71.26351734040314;
    42.29358912268985, -71.26350661156663;
    42.29352662517454, -71.26352337537286;
    42.29333814022718, -71.2636594974793;
    42.29327911455959, -71.26373862264556;
    42.29323893739365, -71.26380903063226;
    42.29320322433679, -71.26388480303636;
    42.293178423590945, -71.26396661041069;
    42.293159575016844, -71.26405177054752;
    42.29315015072802, -71.2641342484741;
    42.29318635982993, -71.26428378162555;
    42.29322852108677, -71.2643394374622;
];